structure(list(ALP = structure(c(1.4282156292244, 0.135519189630974, 
0.306743453616701, 0.454246669098545, 0.206721879251183, 0.948381759384038, 
0.34292805140992, 0.155969339621547, 0.116505960184353), .Names = c("AUS", 
"NSW", "VIC", "QLD", "SA", "WA", "TAS", "NT", "ACT")), LNP = structure(c(0.645836637843613, 
0.173364968796585, 0.160826494827785, 0.185623972851769, 0.256619678002116, 
0.413568326628945, 0.286724998916862, 0.0722285917427686, 0.0416766533721397
), .Names = c("AUS", "NSW", "VIC", "QLD", "SA", "WA", "TAS", 
"NT", "ACT")), GRN = structure(c(0.181902975609346, 0.134638893298489, 
0.119805503859398, 0.0707545563521463, 0.0412558196901693, 0.183069116559917, 
0.215664983744746, 0.0648269934924434, 0.092898423867746), .Names = c("AUS", 
"NSW", "VIC", "QLD", "SA", "WA", "TAS", "NT", "ACT")), PUP = structure(c(0.304118449430697, 
2.2258439372976e-09, 0.00843841074673338, 1.01871331695848, 1.73374165463247e-08, 
0.0520676353772711, 0.0531944355786432, 0.00786232999801493, 
0.0552163532322619), .Names = c("AUS", "NSW", "VIC", "QLD", "SA", 
"WA", "TAS", "NT", "ACT")), OTH = structure(c(0.163306172142052, 
0.0558381367339788, 0.235481792419918, 0.125065290759854, 0.351855942022539, 
0.112672885451699, 0.254074448809592, 0.192662902078087, 0.234691861112206
), .Names = c("AUS", "NSW", "VIC", "QLD", "SA", "WA", "TAS", 
"NT", "ACT")), Covariance = structure(list(LNP = structure(list(
    ALP = -1.02242338814922), .Names = "ALP"), GRN = structure(list(
    ALP = -0.183194148622005, LNP = -0.147040462931369), .Names = c("ALP", 
"LNP")), PUP = structure(list(ALP = -0.111269368938406, LNP = -0.16487985909632), .Names = c("ALP", 
"LNP")), OTH = structure(list(ALP = -0.131819580965521, LNP = -0.419958565247848), .Names = c("ALP", 
"LNP"))), .Names = c("LNP", "GRN", "PUP", "OTH")), `Newspoll Quarterly` = structure(c(0.433894737189613, 
-0.784133585098671, -0.771541078988928, 0.697008923312508, -0.116967587437052, 
0.703510351777607, 0.0519780255081092, 0.749446162571219), .Names = c("NoiseVariance", 
"ALP", "LNP", "GRN", "PUP", "OTH", "PUPOTH", "GRNOTH")), Newspoll = structure(c(1.15112446686571, 
-1.10232775692287, -0.317424031926393, 0.453675513509199, 0.037708103541897, 
0.725693682915013, 0.233508315006359, 0.203751728917418), .Names = c("NoiseVariance", 
"ALP", "LNP", "GRN", "PUP", "OTH", "PUPOTH", "GRNOTH")), Nielsen = structure(c(1.6984839171194, 
-1.09040225204852, -0.137051587626704, 1.15167417592654, -0.881770886182769, 
-0.196817577296432, -0.420138243575281, 0.096048428644942), .Names = c("NoiseVariance", 
"ALP", "LNP", "GRN", "PUP", "OTH", "PUPOTH", "GRNOTH")), Morgan = structure(c(1.84994354804648, 
1.87768608946532, -1.39839098455776, 0.345255751388334, 0.166585680978922, 
-1.18947358690293, 1.01706238776154, 0.262691992953677), .Names = c("NoiseVariance", 
"ALP", "LNP", "GRN", "PUP", "OTH", "PUPOTH", "GRNOTH")), Galaxy = structure(c(1.97321536967956, 
-1.19534307887386, 1.18227812094719, 1.56158101201641, -0.108179923890655, 
-2.14451006488836, 0.359372938314541, -0.225112271878865), .Names = c("NoiseVariance", 
"ALP", "LNP", "GRN", "PUP", "OTH", "PUPOTH", "GRNOTH")), Essential = structure(c(1.52690003518274, 
1.59539422107784, 0.220834876536129, -0.932519762734649, -0.894945801526217, 
-0.729344748817316, -1.44111241969573, 1.20342985579392), .Names = c("NoiseVariance", 
"ALP", "LNP", "GRN", "PUP", "OTH", "PUPOTH", "GRNOTH")), ReachTEL = structure(c(0.905328202744556, 
1.88777172604634, -0.26782332151006, -0.0437919751758086, -0.175628621281813, 
-1.6991881369884, -0.380652634015681, -0.17067199455453), .Names = c("NoiseVariance", 
"ALP", "LNP", "GRN", "PUP", "OTH", "PUPOTH", "GRNOTH")), `Morgan SMS` = structure(c(1.91977002188684, 
0.344824328003811, -0.561647365174132, -0.0927350962332012, -0.482942000791364, 
1.07009752534101, 0.585797762748861, 0.334957241166672), .Names = c("NoiseVariance", 
"ALP", "LNP", "GRN", "PUP", "OTH", "PUPOTH", "GRNOTH")), `Morgan Multi` = structure(c(1.25919130946618, 
0.26285919936081, -1.67191859725178, 1.0841604252162, -0.766463153959933, 
0.924166396067163, 0.498257604805572, 0.600508704101263), .Names = c("NoiseVariance", 
"ALP", "LNP", "GRN", "PUP", "OTH", "PUPOTH", "GRNOTH")), `Essential Online` = structure(c(1.9205629618992, 
0.0884556382169122, -0.157426942063358, -0.0963770131805879, 
0.4244600492582, 0.226414062858066, 0.678686797369357, -0.194641897535982
), .Names = c("NoiseVariance", "ALP", "LNP", "GRN", "PUP", "OTH", 
"PUPOTH", "GRNOTH")), Ipsos = structure(c(0.890078186158373, 
-0.519721862512443, 0.430258339513043, 0.510852053979365, -0.28174205763825, 
-0.722478406181689, -0.112067445201201, -0.186657530561592), .Names = c("NoiseVariance", 
"ALP", "LNP", "GRN", "PUP", "OTH", "PUPOTH", "GRNOTH"))), .Names = c("ALP", 
"LNP", "GRN", "PUP", "OTH", "Covariance", "Newspoll Quarterly", 
"Newspoll", "Nielsen", "Morgan", "Galaxy", "Essential", "ReachTEL", 
"Morgan SMS", "Morgan Multi", "Essential Online", "Ipsos"))
