estimatedALPMode <- structure(list(ALP = structure(c(0.834366567681863, 0.159045111837777, 0.282799909316484, 0.502121217739843, 0.651591644099512, 0.658774553357511, 0.523013744929021, 0.224455350387508, 0.180216933913998), .Names = c("AUS", "NSW", "VIC", "QLD", "SA", "WA", "TAS", "NT", "ACT")), `Newspoll Quarterly` = structure(c(3.30003195335379, -0.740062208246199), .Names = c("NoiseVariance", "ALP")), Newspoll = structure(c(2.48149900340821, -1.05171476130177), .Names = c("NoiseVariance", "ALP")), Nielsen = structure(c(10.2292612851154, -1.06775859185968), .Names = c("NoiseVariance", "ALP")), Morgan = structure(c(3.67916301760114, 1.91419774236621), .Names = c("NoiseVariance", "ALP")), Galaxy = structure(c(3.0560599498411, -1.2752191304876), .Names = c("NoiseVariance", "ALP")), Essential = structure(c(1.22417342880066, 1.7140937328922), .Names = c("NoiseVariance", "ALP")), ReachTEL = structure(c(1.6896853125319, 2.12167127042991), .Names = c("NoiseVariance", "ALP")), `Morgan SMS` = structure(c(2.24993784082639, 0.114683726522292), .Names = c("NoiseVariance", "ALP")), `Morgan Multi` = structure(c(2.43694832094828, 0.4905783384877), .Names = c("NoiseVariance", "ALP")), `Essential Online` = structure(c(1.90592356200153, -0.00501205383938406), .Names = c("NoiseVariance", "ALP"))), .Names = c("ALP", "Newspoll Quarterly", "Newspoll", "Nielsen", "Morgan", "Galaxy", "Essential", "ReachTEL", "Morgan SMS", "Morgan Multi", "Essential Online" ))
estimatedLNPMode <- structure(list(LNP = structure(c(0.673328101810722, 0.164026363240883, 0.135212954652475, 0.21728741578754, 0.207838008527023, 0.423920612458489, 0.35341398408003, 0.0393574050042444, 0.11158906830421), .Names = c("AUS", "NSW", "VIC", "QLD", "SA", "WA", "TAS", "NT", "ACT")), `Newspoll Quarterly` = structure(c(3.38877234179912, -0.729409349542727), .Names = c("NoiseVariance", "LNP")), Newspoll = structure(c(2.5082761153755, -0.506865083307899), .Names = c("NoiseVariance", "LNP")), Nielsen = structure(c(11.2480229326072, -0.0377988017552298), .Names = c("NoiseVariance", "LNP")), Morgan = structure(c(3.22663230878564, -1.63300368202957), .Names = c("NoiseVariance", "LNP")), Galaxy = structure(c(1.0545646384621, 0.964499322761057), .Names = c("NoiseVariance", "LNP")), Essential = structure(c(3.50122976191205, -0.0809120549190886), .Names = c("NoiseVariance", "LNP")), ReachTEL = structure(c(1.07746586477705, -0.662852936111205), .Names = c("NoiseVariance", "LNP")), `Morgan SMS` = structure(c(2.23229410162598, -0.103227869995856), .Names = c("NoiseVariance", "LNP")), `Morgan Multi` = structure(c(1.1515763619332, -2.11963754957732), .Names = c("NoiseVariance", "LNP")), `Essential Online` = structure(c(2.28956497366522, -0.0718717148048992), .Names = c("NoiseVariance", "LNP"))), .Names = c("LNP", "Newspoll Quarterly", "Newspoll", "Nielsen", "Morgan", "Galaxy", "Essential", "ReachTEL", "Morgan SMS", "Morgan Multi", "Essential Online" ))
estimatedGRNMode <- structure(list(GRN = structure(c(0.267855038390371, 0.137558295383632, 0.156125437629806, 0.0537262982937431, 0.0584197296467975, 0.218819426708765, 0.171425176952329, 0.0312943425067843, 0.111313427530092), .Names = c("AUS", "NSW", "VIC", "QLD", "SA", "WA", "TAS", "NT", "ACT")), `Newspoll Quarterly` = structure(c(1.4359079407954, 0.771304713253216), .Names = c("NoiseVariance", "GRN")), Newspoll = structure(c(1.05913081379193, 0.678283561605076), .Names = c("NoiseVariance", "GRN")), Nielsen = structure(c(5.89220724995007, 1.01080001884932), .Names = c("NoiseVariance", "GRN")), Morgan = structure(c(1.71438746987089, 0.583482401296821), .Names = c("NoiseVariance", "GRN")), Galaxy = structure(c(2.79720181229724, 1.64770652254796), .Names = c("NoiseVariance", "GRN")), Essential = structure(c(0.766256639757537, -0.779624268716983), .Names = c("NoiseVariance", "GRN")), ReachTEL = structure(c(0.695963816418606, -0.174359961639045), .Names = c("NoiseVariance", "GRN")), `Morgan SMS` = structure(c(2.08275758288196, 0.133477566757303), .Names = c("NoiseVariance", "GRN")), `Morgan Multi` = structure(c(0.728717986169781, 1.24109450697339), .Names = c("NoiseVariance", "GRN")), `Essential Online` = structure(c(2.43596751230409, 0.0981762873220489), .Names = c("NoiseVariance", "GRN"))), .Names = c("GRN", "Newspoll Quarterly", "Newspoll", "Nielsen", "Morgan", "Galaxy", "Essential", "ReachTEL", "Morgan SMS", "Morgan Multi", "Essential Online" ))
estimatedPUPMode <- structure(list(PUP = structure(c(0.509527619607173, 2.60596849040565e-09, 0.00794767418936038, 0.147213664145997, 4.9611895072533e-09, 0.0382828150746651, 0.0561800474348298, 0.00712988580342206, 0.0401351855584721), .Names = c("AUS", "NSW", "VIC", "QLD", "SA", "WA", "TAS", "NT", "ACT")), `Newspoll Quarterly` = structure(c(2.25020202742277, -3.75155831381531e-07), .Names = c("NoiseVariance", "PUP")), Newspoll = structure(c(2.2500330510856, -3.2990627892859e-07 ), .Names = c("NoiseVariance", "PUP")), Nielsen = structure(c(4.15413321667459, -0.270452039969523), .Names = c("NoiseVariance", "PUP")), Morgan = structure(c(2.2496030692162, -2.8378681168177e-07 ), .Names = c("NoiseVariance", "PUP")), Galaxy = structure(c(1.88984951483463, 0.372629794989404), .Names = c("NoiseVariance", "PUP")), Essential = structure(c(0.410079692119656, -0.990331110629763 ), .Names = c("NoiseVariance", "PUP")), ReachTEL = structure(c(1.20097228988042, -0.310093714310466), .Names = c("NoiseVariance", "PUP")), `Morgan SMS` = structure(c(2.25012432922753, -6.49170733684966e-08 ), .Names = c("NoiseVariance", "PUP")), `Morgan Multi` = structure(c(1.41937632655311, -0.60393278033308), .Names = c("NoiseVariance", "PUP")), `Essential Online` = structure(c(2.24989645982012, -4.7746577230547e-08 ), .Names = c("NoiseVariance", "PUP"))), .Names = c("PUP", "Newspoll Quarterly", "Newspoll", "Nielsen", "Morgan", "Galaxy", "Essential", "ReachTEL", "Morgan SMS", "Morgan Multi", "Essential Online" ))
