structure(list(ALP = structure(c(1.06892891470329, 0.129026994990956, 
0.217132853366854, 0.411255995112411, 0.529099929593357, 0.634216909516145, 
0.402377307299965, 0.138152804197075, 0.126595668051835), .Names = c("AUS", 
"NSW", "VIC", "QLD", "SA", "WA", "TAS", "NT", "ACT")), LNP = structure(c(0.761968048255926, 
0.180318845937423, 0.183472069683804, 0.47727905335866, 0.204835357471167, 
0.785057437033276, 0.540581197698211, 0.0671923041345785, 0.062748762008668
), .Names = c("AUS", "NSW", "VIC", "QLD", "SA", "WA", "TAS", 
"NT", "ACT")), GRN = structure(c(0.179045680352773, 0.167175705609599, 
0.223435432874405, 0.0580192079866626, 0.0368664263891864, 0.137033486204727, 
0.123096901044323, 0.0711099033524678, 0.0551963093940517), .Names = c("AUS", 
"NSW", "VIC", "QLD", "SA", "WA", "TAS", "NT", "ACT")), PUP = structure(c(0.608759955750381, 
3.54114364345752e-09, 0.00522875228424804, 0.206829444499745, 
1.0457281831021e-08, 0.0816039888052612, 0.0341572015131578, 
0.00708672593478122, 0.0360274357828987), .Names = c("AUS", "NSW", 
"VIC", "QLD", "SA", "WA", "TAS", "NT", "ACT")), OTH = structure(c(0.322187577532107, 
0.0640524547881607, 0.0815802935627238, 0.0521796919783364, 0.104535995117136, 
0.0255715391784518, 0.145105413769587, 0.0794964002635843, 0.0531102276101498
), .Names = c("AUS", "NSW", "VIC", "QLD", "SA", "WA", "TAS", 
"NT", "ACT")), Covariance = structure(list(LNP = structure(list(
    ALP = -0.510474803092819), .Names = "ALP"), GRN = structure(list(
    ALP = -0.208609432186991, LNP = -0.052811348288734), .Names = c("ALP", 
"LNP")), PUP = structure(list(ALP = 0.0120911669288313, LNP = 0.326692088067911), .Names = c("ALP", 
"LNP")), OTH = structure(list(ALP = -0.369678175859757, LNP = -0.552275729056087), .Names = c("ALP", 
"LNP"))), .Names = c("LNP", "GRN", "PUP", "OTH")), `Newspoll Quarterly` = structure(c(2.45181629301865, 
-0.532330345099788, -0.470047972206734, 0.589397976657828, 0.449262962460682, 
0.210826769347067, -1.10678440278135, -0.61449685865368), .Names = c("NoiseVariance", 
"ALP", "LNP", "GRN", "PUP", "OTH", "PUPOTH", "GRNOTH")), Newspoll = structure(c(1.27776889980612, 
-0.951384677311663, -0.158957877438449, 0.152096229938872, -0.130568569507915, 
0.591348820392109, 0.87803532048037, 0.167627987422293), .Names = c("NoiseVariance", 
"ALP", "LNP", "GRN", "PUP", "OTH", "PUPOTH", "GRNOTH")), Nielsen = structure(c(8.70967443333486, 
-0.941459614027007, -0.0144305732924167, 1.23266697606065, -0.834918678008956, 
-0.0365600847659615, -0.199799920911192, 0.420076926087824), .Names = c("NoiseVariance", 
"ALP", "LNP", "GRN", "PUP", "OTH", "PUPOTH", "GRNOTH")), Morgan = structure(c(2.20524625756755, 
1.92976756875893, -1.42144456893052, 0.64937059632841, 0.208597899396422, 
-0.238060660107592, 0.34486800041557, 0.132418944924456), .Names = c("NoiseVariance", 
"ALP", "LNP", "GRN", "PUP", "OTH", "PUPOTH", "GRNOTH")), Galaxy = structure(c(1.68266169251988, 
-1.20234532294098, 1.06794776146812, 1.21123292005325, -0.18403978994878, 
0.146766750077596, 1.04922509928541, 0.175155842538199), .Names = c("NoiseVariance", 
"ALP", "LNP", "GRN", "PUP", "OTH", "PUPOTH", "GRNOTH")), Essential = structure(c(1.77776280638052, 
1.32721423228309, -0.162313842688663, -0.489098452377566, -1.65789326642523, 
-0.0244754420702157, -0.750932196165214, 0.859861186927437), .Names = c("NoiseVariance", 
"ALP", "LNP", "GRN", "PUP", "OTH", "PUPOTH", "GRNOTH")), ReachTEL = structure(c(1.26965412991687, 
1.67085454990928, -1.21638821706591, -0.52596266898829, -0.532504831761961, 
0.546462165819254, 0.013305320136896, -0.0366173920575803), .Names = c("NoiseVariance", 
"ALP", "LNP", "GRN", "PUP", "OTH", "PUPOTH", "GRNOTH")), `Morgan SMS` = structure(c(3.0942425300105, 
0.226597827389687, -0.347874201501214, 0.0206467584999924, -0.0633552782220171, 
0.360653183390199, 0.567704182687584, 0.619579313073955), .Names = c("NoiseVariance", 
"ALP", "LNP", "GRN", "PUP", "OTH", "PUPOTH", "GRNOTH")), `Morgan Multi` = structure(c(1.68681366215129, 
1.0376273776619, -2.28290996190378, 1.26731265845596, -1.01724016003928, 
0.298061811427453, 0.478614809363044, 0.792926661426584), .Names = c("NoiseVariance", 
"ALP", "LNP", "GRN", "PUP", "OTH", "PUPOTH", "GRNOTH")), `Essential Online` = structure(c(2.00695430481319, 
-0.0493093439267213, 0.0183319144410483, 0.149574926825505, 0.335079170313107, 
0.407181168362593, 1.0417212616217, -0.562466839537006), .Names = c("NoiseVariance", 
"ALP", "LNP", "GRN", "PUP", "OTH", "PUPOTH", "GRNOTH"))), .Names = c("ALP", 
"LNP", "GRN", "PUP", "OTH", "Covariance", "Newspoll Quarterly", 
"Newspoll", "Nielsen", "Morgan", "Galaxy", "Essential", "ReachTEL", 
"Morgan SMS", "Morgan Multi", "Essential Online"))
