structure(list(ALP = structure(c(1.42212413016375, 0.109859750744092, 
0.117450625445238, 0.127808028588611, 0.125827532757237, 0.114518328839815, 
0.110497608511018, 0.103495430018496, 0.101302064343068), .Names = c("AUS", 
"NSW", "VIC", "QLD", "SA", "WA", "TAS", "NT", "ACT")), LNP = structure(c(0.775605147106591, 
0.1, 0.201263879548758, 0.509647927479312, 0.503620392490662, 
3.46261900008929, 0.302570280874464, 0.1, 0.1), .Names = c("AUS", 
"NSW", "VIC", "QLD", "SA", "WA", "TAS", "NT", "ACT")), GRN = structure(c(0.5, 
0.181810351878094, 0.18723964908638, 0.137693777814431, 0.249055544200099, 
0.656099824974079, 0.1, 0.1, 0.1), .Names = c("AUS", "NSW", "VIC", 
"QLD", "SA", "WA", "TAS", "NT", "ACT")), PUP = structure(c(0.548655872077708, 
0.0998684802641469, 0.0975141323560617, 0.12135445209665, 0.998882244539376, 
0.380276789269522, 0.0852260621392927, 0.083900846662163, 0.0958096658465292
), .Names = c("AUS", "NSW", "VIC", "QLD", "SA", "WA", "TAS", 
"NT", "ACT")), OTH = structure(c(0.401313415940998, 0.153628710484378, 
0.275130630998737, 0.755707453664374, 0.243002870568498, 0.143445235718696, 
0.152543937797718, 0.178757211282498, 0.102906072096719), .Names = c("AUS", 
"NSW", "VIC", "QLD", "SA", "WA", "TAS", "NT", "ACT")), Covariance = structure(list(
    LNP = structure(list(ALP = -0.701455573481508), .Names = "ALP"), 
    GRN = structure(list(ALP = -0.258906458853744, LNP = -0.353769463801291), .Names = c("ALP", 
    "LNP")), PUP = structure(list(ALP = -0.0589383635786362, 
        LNP = -0.0116451414884068), .Names = c("ALP", "LNP")), 
    OTH = structure(list(ALP = 0, LNP = -0.185406922537368), .Names = c("ALP", 
    "LNP"))), .Names = c("LNP", "GRN", "PUP", "OTH")), `Newspoll Quarterly` = structure(c(2.63802536710488, 
-0.107932009373326, -0.110125712875743, 0.0724940699292347, 0, 
0, 0, 0.00221972704166547), .Names = c("NoiseVariance", "ALP", 
"LNP", "GRN", "PUP", "OTH", "PUPOTH", "GRNOTH")), Newspoll = structure(c(1.99797212561972, 
-0.108350195665844, -0.00280047419946641, -0.0474123741616495, 
0, 0.164198599406518, 0.105344755225815, -0.00503913126885891
), .Names = c("NoiseVariance", "ALP", "LNP", "GRN", "PUP", "OTH", 
"PUPOTH", "GRNOTH")), Nielsen = structure(c(1.5, -0.937470665096771, 
0.0928899679216556, 0.724045694066445, -0.227559559349902, -0.303869994846173, 
-0.123921952123055, 0), .Names = c("NoiseVariance", "ALP", "LNP", 
"GRN", "PUP", "OTH", "PUPOTH", "GRNOTH")), Morgan = structure(c(2.44773042402768, 
0.799568172707222, -0.490368883160409, 0.0133614203426988, 0, 
-1.35896422551014, 0.100120988790877, 0), .Names = c("NoiseVariance", 
"ALP", "LNP", "GRN", "PUP", "OTH", "PUPOTH", "GRNOTH")), Galaxy = structure(c(2.94570244360706, 
-0.136251768039074, 0.307524675212335, 0.267283146153204, 0, 
-0.0281851035775617, -0.00217832121998072, 0), .Names = c("NoiseVariance", 
"ALP", "LNP", "GRN", "PUP", "OTH", "PUPOTH", "GRNOTH")), Essential = structure(c(2.61703876020392, 
1.14630759338615, 0.397613987140358, -1.46400418146513, -0.47994215763174, 
-0.934445328265429, -1.0050947340671, 0), .Names = c("NoiseVariance", 
"ALP", "LNP", "GRN", "PUP", "OTH", "PUPOTH", "GRNOTH")), ReachTEL = structure(c(1.5, 
0, 0, -0.154760249715764, -0.074018883460667, -0.628211754665244, 
0.00861746200826019, 0), .Names = c("NoiseVariance", "ALP", "LNP", 
"GRN", "PUP", "OTH", "PUPOTH", "GRNOTH")), `Morgan SMS` = structure(c(1.5, 
0, 0, 0.166999103385024, 0, 0, -0.048036512453109, 0), .Names = c("NoiseVariance", 
"ALP", "LNP", "GRN", "PUP", "OTH", "PUPOTH", "GRNOTH")), `Morgan Multi` = structure(c(1.40016150227796, 
0.280666186881718, -1.01480445649941, 0.116776104114252, -1.42524503229652, 
0.998246480885427, 1.09911593492143, 0), .Names = c("NoiseVariance", 
"ALP", "LNP", "GRN", "PUP", "OTH", "PUPOTH", "GRNOTH")), `Essential Online` = structure(c(1.70798363242306, 
0.0122369674500078, -0.0197087822016329, 0.0441075360868126, 
0, 0, -0.177864318538923, 0), .Names = c("NoiseVariance", "ALP", 
"LNP", "GRN", "PUP", "OTH", "PUPOTH", "GRNOTH")), Ipsos = structure(c(3.82439997512752, 
-0.242111060069875, 0.142546120041515, 0.220587960648118, -0.812049866799498, 
0.128476175450487, -0.196681835222989, 0), .Names = c("NoiseVariance", 
"ALP", "LNP", "GRN", "PUP", "OTH", "PUPOTH", "GRNOTH"))), .Names = c("ALP", 
"LNP", "GRN", "PUP", "OTH", "Covariance", "Newspoll Quarterly", 
"Newspoll", "Nielsen", "Morgan", "Galaxy", "Essential", "ReachTEL", 
"Morgan SMS", "Morgan Multi", "Essential Online", "Ipsos"))
