structure(list(ALP = structure(c(1.26884879830834, 0.089389531366743, 
0.305373457592265, 0.940981390305661, 0.604297932680318, 0.800953211419108, 
0.355470791203599, 0.114656605442231, 0.109721056355942), .Names = c("AUS", 
"NSW", "VIC", "QLD", "SA", "WA", "TAS", "NT", "ACT")), LNP = structure(c(0.448586909898858, 
0.199537923896778, 0.145797296787529, 0.427832518103643, 0.261112367499021, 
0.556637457904194, 0.30980475140728, 0.061616971741618, 0.0469102352331257
), .Names = c("AUS", "NSW", "VIC", "QLD", "SA", "WA", "TAS", 
"NT", "ACT")), GRN = structure(c(0.228459072249251, 0.129089858217422, 
0.166617522307276, 0.0561733519207034, 0.0563299170515732, 0.104725460089185, 
0.242628548988139, 0.0708044461611482, 0.0390654615833097), .Names = c("AUS", 
"NSW", "VIC", "QLD", "SA", "WA", "TAS", "NT", "ACT")), PUP = structure(c(0.440346588202623, 
2.37457123037178e-09, 0.00887641310974653, 0.343481100642102, 
2.31442765147399e-08, 0.051581736934054, 0.0290892088704226, 
0.00652221819978091, 0.0501550097817949), .Names = c("AUS", "NSW", 
"VIC", "QLD", "SA", "WA", "TAS", "NT", "ACT")), OTH = structure(c(0.164888818163372, 
0.0642419804541511, 0.134641574548692, 0.0789234326686103, 0.181373220298352, 
0.0434745937078862, 0.129518259869441, 0.105944217151381, 0.11695542233338
), .Names = c("AUS", "NSW", "VIC", "QLD", "SA", "WA", "TAS", 
"NT", "ACT")), Covariance = structure(list(LNP = structure(list(
    ALP = -0.891992143394282), .Names = "ALP"), GRN = structure(list(
    ALP = -0.167390708839295, LNP = -0.142874521662456), .Names = c("ALP", 
"LNP")), PUP = structure(list(ALP = 0.213442319144612, LNP = 0.0820391150535365), .Names = c("ALP", 
"LNP")), OTH = structure(list(ALP = -0.215122335949337, LNP = -0.355113476396907), .Names = c("ALP", 
"LNP"))), .Names = c("LNP", "GRN", "PUP", "OTH")), `Newspoll Quarterly` = structure(c(2.54492524314065, 
-0.995972716760839, -0.724237217093056, 0.628262897651727, 0.386417742084837, 
0.778410322858483, -0.746902407241982, -0.422809543209464), .Names = c("NoiseVariance", 
"ALP", "LNP", "GRN", "PUP", "OTH", "PUPOTH", "GRNOTH")), Newspoll = structure(c(1.42709461769766, 
-1.27532270108736, -0.365328775131062, 0.331484428459163, -0.0738227072898622, 
1.03467440017704, 1.03729280191537, 0.107990511184406), .Names = c("NoiseVariance", 
"ALP", "LNP", "GRN", "PUP", "OTH", "PUPOTH", "GRNOTH")), Nielsen = structure(c(8.05268491592446, 
-1.20584899698687, -0.0265088575652921, 1.14857572867186, -1.06656119554228, 
0.384415439384409, -0.0216023882577648, 0.340513853955991), .Names = c("NoiseVariance", 
"ALP", "LNP", "GRN", "PUP", "OTH", "PUPOTH", "GRNOTH")), Morgan = structure(c(2.07056591944401, 
1.72744694400411, -1.608543139729, 0.428792331491392, 0.276421266023445, 
-0.806862911127836, 0.690997504627716, 0.387829742378423), .Names = c("NoiseVariance", 
"ALP", "LNP", "GRN", "PUP", "OTH", "PUPOTH", "GRNOTH")), Galaxy = structure(c(2.03216759672195, 
-1.26484564864052, 1.50228351262866, 1.16426001221721, 0.215555222845617, 
-0.0708894795955925, 0.717472296335228, -0.239247825597131), .Names = c("NoiseVariance", 
"ALP", "LNP", "GRN", "PUP", "OTH", "PUPOTH", "GRNOTH")), Essential = structure(c(1.82524961555355, 
1.34526214067681, 0.290907816027048, -0.834768901198438, -1.56575394280919, 
-0.771081139341503, -1.17700248982894, 1.07010032486174), .Names = c("NoiseVariance", 
"ALP", "LNP", "GRN", "PUP", "OTH", "PUPOTH", "GRNOTH")), ReachTEL = structure(c(1.91770602342639, 
2.16825858172397, -1.26820034948643, -0.14678299680887, -0.458395682932244, 
-0.306683631950532, -0.352998983014514, -0.0765879791576553), .Names = c("NoiseVariance", 
"ALP", "LNP", "GRN", "PUP", "OTH", "PUPOTH", "GRNOTH")), `Morgan SMS` = structure(c(3.84490046281402, 
0.303346072781713, -0.466750634156169, 0.117926874866115, -0.273979728198995, 
0.922692414978301, 0.637308849337984, 0.288217931957673), .Names = c("NoiseVariance", 
"ALP", "LNP", "GRN", "PUP", "OTH", "PUPOTH", "GRNOTH")), `Morgan Multi` = structure(c(1.24134808343548, 
0.527317548794761, -2.09282000173565, 1.24827940619651, -1.06934551798244, 
0.520880719016273, 0.502960966291853, 0.699953108678293), .Names = c("NoiseVariance", 
"ALP", "LNP", "GRN", "PUP", "OTH", "PUPOTH", "GRNOTH")), `Essential Online` = structure(c(1.4321997966393, 
-0.119200157499691, -0.0359108226129603, 0.149985547914835, 0.412443069856156, 
0.140986324524238, 1.01492024591025, -0.00932886142708615), .Names = c("NoiseVariance", 
"ALP", "LNP", "GRN", "PUP", "OTH", "PUPOTH", "GRNOTH"))), .Names = c("ALP", 
"LNP", "GRN", "PUP", "OTH", "Covariance", "Newspoll Quarterly", 
"Newspoll", "Nielsen", "Morgan", "Galaxy", "Essential", "ReachTEL", 
"Morgan SMS", "Morgan Multi", "Essential Online"))
