estimatedALPMode <- structure(list(ALP = structure(c(0.834366567681863, 0.159045111837777, 0.282799909316484, 0.502121217739843, 0.651591644099512, 0.658774553357511, 0.523013744929021, 0.224455350387508, 0.180216933913998), .Names = c("AUS", "NSW", "VIC", "QLD", "SA", "WA", "TAS", "NT", "ACT")), `Newspoll Quarterly` = structure(c(3.30003195335379, -0.740062208246199), .Names = c("NoiseVariance", "ALP")), Newspoll = structure(c(2.48149900340821, -1.05171476130177), .Names = c("NoiseVariance", "ALP")), Nielsen = structure(c(10.2292612851154, -1.06775859185968), .Names = c("NoiseVariance", "ALP")), Morgan = structure(c(3.67916301760114, 1.91419774236621), .Names = c("NoiseVariance", "ALP")), Galaxy = structure(c(3.0560599498411, -1.2752191304876), .Names = c("NoiseVariance", "ALP")), Essential = structure(c(1.22417342880066, 1.7140937328922), .Names = c("NoiseVariance", "ALP")), ReachTEL = structure(c(1.6896853125319, 2.12167127042991), .Names = c("NoiseVariance", "ALP")), `Morgan SMS` = structure(c(2.24993784082639, 0.114683726522292), .Names = c("NoiseVariance", "ALP")), `Morgan Multi` = structure(c(2.43694832094828, 0.4905783384877), .Names = c("NoiseVariance", "ALP")), `Essential Online` = structure(c(1.90592356200153, -0.00501205383938406), .Names = c("NoiseVariance", "ALP"))), .Names = c("ALP", "Newspoll Quarterly", "Newspoll", "Nielsen", "Morgan", "Galaxy", "Essential", "ReachTEL", "Morgan SMS", "Morgan Multi", "Essential Online" ))
estimatedLNPMode <- structure(list(LNP = structure(c(0.673328101810722, 0.164026363240883, 0.135212954652475, 0.21728741578754, 0.207838008527023, 0.423920612458489, 0.35341398408003, 0.0393574050042444, 0.11158906830421), .Names = c("AUS", "NSW", "VIC", "QLD", "SA", "WA", "TAS", "NT", "ACT")), `Newspoll Quarterly` = structure(c(3.38877234179912, -0.729409349542727), .Names = c("NoiseVariance", "LNP")), Newspoll = structure(c(2.5082761153755, -0.506865083307899), .Names = c("NoiseVariance", "LNP")), Nielsen = structure(c(11.2480229326072, -0.0377988017552298), .Names = c("NoiseVariance", "LNP")), Morgan = structure(c(3.22663230878564, -1.63300368202957), .Names = c("NoiseVariance", "LNP")), Galaxy = structure(c(1.0545646384621, 0.964499322761057), .Names = c("NoiseVariance", "LNP")), Essential = structure(c(3.50122976191205, -0.0809120549190886), .Names = c("NoiseVariance", "LNP")), ReachTEL = structure(c(1.07746586477705, -0.662852936111205), .Names = c("NoiseVariance", "LNP")), `Morgan SMS` = structure(c(2.23229410162598, -0.103227869995856), .Names = c("NoiseVariance", "LNP")), `Morgan Multi` = structure(c(1.1515763619332, -2.11963754957732), .Names = c("NoiseVariance", "LNP")), `Essential Online` = structure(c(2.28956497366522, -0.0718717148048992), .Names = c("NoiseVariance", "LNP"))), .Names = c("LNP", "Newspoll Quarterly", "Newspoll", "Nielsen", "Morgan", "Galaxy", "Essential", "ReachTEL", "Morgan SMS", "Morgan Multi", "Essential Online" ))
