structure(list(ALP = structure(c(1.46769317072742, 0.0997296169063028, 
0.331309098880163, 0.78734933105252, 0.628071272850524, 0.768737090061816, 
0.403074478465764, 0.116335446213826, 0.109721056355942), .Names = c("AUS", 
"NSW", "VIC", "QLD", "SA", "WA", "TAS", "NT", "ACT")), LNP = structure(c(0.470915315075005, 
0.172308537482655, 0.150786153465862, 0.432821501559706, 0.264973878119095, 
0.682305045816298, 0.351649072178591, 0.0578557394966832, 0.0464695661901685
), .Names = c("AUS", "NSW", "VIC", "QLD", "SA", "WA", "TAS", 
"NT", "ACT")), GRN = structure(c(0.207468156751133, 0.130991008627003, 
0.163276047152119, 0.0514098460332928, 0.0559297218364357, 0.0930449255808933, 
0.243656234547389, 0.0795074544590334, 0.0408538354887003), .Names = c("AUS", 
"NSW", "VIC", "QLD", "SA", "WA", "TAS", "NT", "ACT")), PUP = structure(c(0.438086076638497, 
2.4171085301125e-09, 0.00941932564317004, 0.314562132313592, 
1.50489183518999e-08, 0.0566390549368458, 0.029713491481745, 
0.00656634238231816, 0.0432364197604245), .Names = c("AUS", "NSW", 
"VIC", "QLD", "SA", "WA", "TAS", "NT", "ACT")), OTH = structure(c(0.157760833663202, 
0.0650644503486282, 0.136854500871967, 0.0793928984529817, 0.171593637502418, 
0.0421559220499464, 0.111671387283514, 0.1015801536494, 0.110890293372614
), .Names = c("AUS", "NSW", "VIC", "QLD", "SA", "WA", "TAS", 
"NT", "ACT")), Covariance = structure(list(LNP = structure(list(
    ALP = -0.893366501493492), .Names = "ALP"), GRN = structure(list(
    ALP = -0.215318334559946, LNP = -0.105767744751986), .Names = c("ALP", 
"LNP")), PUP = structure(list(ALP = 0.177656834473539, LNP = 0.258240766061337), .Names = c("ALP", 
"LNP")), OTH = structure(list(ALP = -0.246934221476452, LNP = -0.444091485154781), .Names = c("ALP", 
"LNP"))), .Names = c("LNP", "GRN", "PUP", "OTH")), `Newspoll Quarterly` = structure(c(2.78881357120744, 
-0.974549344287827, -0.547617974747046, 0.519693561245681, 0.422951801866608, 
0.61090205129582, -0.703076544940958, -0.511030923241673), .Names = c("NoiseVariance", 
"ALP", "LNP", "GRN", "PUP", "OTH", "PUPOTH", "GRNOTH")), Newspoll = structure(c(1.48178680353877, 
-1.15614493308886, -0.306549473718628, 0.348376021520663, -0.133696003632142, 
0.896287453287046, 1.19935462222704, 0.149440710188999), .Names = c("NoiseVariance", 
"ALP", "LNP", "GRN", "PUP", "OTH", "PUPOTH", "GRNOTH")), Nielsen = structure(c(8.0854505625834, 
-1.17571867928558, -0.119828526481497, 1.02781031396897, -0.820438516728455, 
0.343766829394729, -0.315765155281284, 0.362168008193731), .Names = c("NoiseVariance", 
"ALP", "LNP", "GRN", "PUP", "OTH", "PUPOTH", "GRNOTH")), Morgan = structure(c(2.12552670436591, 
1.83036957433156, -1.47864030683878, 0.441238619149762, 0.255662741144911, 
-0.882297251902235, 0.608390961747644, 0.437465781449113), .Names = c("NoiseVariance", 
"ALP", "LNP", "GRN", "PUP", "OTH", "PUPOTH", "GRNOTH")), Galaxy = structure(c(1.89938731759274, 
-1.14210544080894, 1.38554320386159, 1.27707193420899, 0.141247184660083, 
-0.0460308336683478, 0.731155337610685, -0.244493898278918), .Names = c("NoiseVariance", 
"ALP", "LNP", "GRN", "PUP", "OTH", "PUPOTH", "GRNOTH")), Essential = structure(c(1.7493304281628, 
1.46928032339497, 0.150768311027905, -0.839167855354198, -1.41434397119393, 
-0.703999782150178, -1.19579549806549, 0.912141301345185), .Names = c("NoiseVariance", 
"ALP", "LNP", "GRN", "PUP", "OTH", "PUPOTH", "GRNOTH")), ReachTEL = structure(c(1.72360955365537, 
2.25198774412369, -1.28848309459567, -0.167481948561385, -0.484757802799968, 
-0.372978900065367, -0.110676708362204, -0.00497128035699037), .Names = c("NoiseVariance", 
"ALP", "LNP", "GRN", "PUP", "OTH", "PUPOTH", "GRNOTH")), `Morgan SMS` = structure(c(3.32069769648884, 
0.221466517599604, -0.42556396722293, 0.0986443382673579, -0.292314686992346, 
0.872464465002811, 0.640603576367225, 0.169033196361098), .Names = c("NoiseVariance", 
"ALP", "LNP", "GRN", "PUP", "OTH", "PUPOTH", "GRNOTH")), `Morgan Multi` = structure(c(1.20313275816487, 
0.572413612552146, -2.12352551136699, 1.44531606277892, -1.25035360623599, 
0.486938314747887, 0.537511859683212, 0.738800979765505), .Names = c("NoiseVariance", 
"ALP", "LNP", "GRN", "PUP", "OTH", "PUPOTH", "GRNOTH")), `Essential Online` = structure(c(1.42839115153678, 
-0.114130029207073, -0.141891011760616, -0.111625506563417, 0.498323950866854, 
0.211336593039717, 0.921696297487016, -0.0605323548480585), .Names = c("NoiseVariance", 
"ALP", "LNP", "GRN", "PUP", "OTH", "PUPOTH", "GRNOTH"))), .Names = c("ALP", 
"LNP", "GRN", "PUP", "OTH", "Covariance", "Newspoll Quarterly", 
"Newspoll", "Nielsen", "Morgan", "Galaxy", "Essential", "ReachTEL", 
"Morgan SMS", "Morgan Multi", "Essential Online"))
