structure(list(ALP = structure(c(1.38624541718066, 0.11742353593185, 
0.458814299743407, 0.770262499357862, 0.882554121037984, 1.06136876758668, 
0.330508142928087, 0.143882521144461, 0.0989972490854316), .Names = c("AUS", 
"NSW", "VIC", "QLD", "SA", "WA", "TAS", "NT", "ACT")), LNP = structure(c(0.465704297600193, 
0.156421285733951, 0.213346889886814, 0.400350964062513, 0.262107963090127, 
0.504701345780105, 0.276187941933781, 0.0714538606281351, 0.0411279168433637
), .Names = c("AUS", "NSW", "VIC", "QLD", "SA", "WA", "TAS", 
"NT", "ACT")), GRN = structure(c(0.193377795933481, 0.135286339854181, 
0.165444807612901, 0.0768204060458065, 0.0469751787440772, 0.187354637573989, 
0.217726539741964, 0.0703410570661351, 0.0543407185050564), .Names = c("AUS", 
"NSW", "VIC", "QLD", "SA", "WA", "TAS", "NT", "ACT")), PUP = structure(c(0.476207700054206, 
2.2258439372976e-09, 0.00836490563180907, 1.10910087323462, 1.73374165463247e-08, 
0.0523281769626098, 0.0356642322926985, 0.00787134979723286, 
0.0690270733373412), .Names = c("AUS", "NSW", "VIC", "QLD", "SA", 
"WA", "TAS", "NT", "ACT")), OTH = structure(c(0.168588421977347, 
0.0509991236827115, 0.236741238465051, 0.0865908057057282, 0.384993940905213, 
0.127073547800161, 0.201710560788503, 0.193902607356912, 0.213442312753592
), .Names = c("AUS", "NSW", "VIC", "QLD", "SA", "WA", "TAS", 
"NT", "ACT")), Covariance = structure(list(LNP = structure(list(
    ALP = -0.882855723565753), .Names = "ALP"), GRN = structure(list(
    ALP = -0.228901551009391, LNP = -0.0905425653389817), .Names = c("ALP", 
"LNP")), PUP = structure(list(ALP = -0.0754098033156107, LNP = -0.136169756036749), .Names = c("ALP", 
"LNP")), OTH = structure(list(ALP = -0.173641982835207, LNP = -0.301741976766269), .Names = c("ALP", 
"LNP"))), .Names = c("LNP", "GRN", "PUP", "OTH")), `Newspoll Quarterly` = structure(c(2.23586806493632, 
-0.836314397849568, -0.700830009023666, 0.827727515279717, -0.123579610847164, 
0.851909776823459, -0.542164157419207, -0.200320745660507), .Names = c("NoiseVariance", 
"ALP", "LNP", "GRN", "PUP", "OTH", "PUPOTH", "GRNOTH")), Newspoll = structure(c(1.48456193771175, 
-0.958868832131734, -0.366812972395774, 0.631934243248226, 0.0442024177595826, 
0.804418474931509, 0.621373600868296, 0.0232194722477022), .Names = c("NoiseVariance", 
"ALP", "LNP", "GRN", "PUP", "OTH", "PUPOTH", "GRNOTH")), Nielsen = structure(c(7.97439674995269, 
-1.08497011278544, 0.0640495502986379, 0.960015470080562, -1.14592199818789, 
0.0454217495833818, -0.0623425639427321, 0.0981460130492778), .Names = c("NoiseVariance", 
"ALP", "LNP", "GRN", "PUP", "OTH", "PUPOTH", "GRNOTH")), Morgan = structure(c(1.83426365233458, 
1.45020419826046, -1.13098855281116, 0.613890301999972, 0.271752416687114, 
-1.07543785163106, 0.997152545530943, 0.296156352037389), .Names = c("NoiseVariance", 
"ALP", "LNP", "GRN", "PUP", "OTH", "PUPOTH", "GRNOTH")), Galaxy = structure(c(2.14636708088914, 
-1.20420457686272, 1.523699478215, 1.48839098768872, 0.172556024705949, 
-0.640016178353888, 0.41806638863249, -0.239786439788382), .Names = c("NoiseVariance", 
"ALP", "LNP", "GRN", "PUP", "OTH", "PUPOTH", "GRNOTH")), Essential = structure(c(1.49265939378288, 
1.46560469016822, 0.376051161913914, -0.90490549242805, -1.49983089040549, 
-0.82788250827968, -1.45052429695986, 1.21010063227984), .Names = c("NoiseVariance", 
"ALP", "LNP", "GRN", "PUP", "OTH", "PUPOTH", "GRNOTH")), ReachTEL = structure(c(0.876563915175776, 
1.89783872070726, -0.689211816234002, -0.0464314400596912, -0.299369350596917, 
-1.75614421887442, -0.424350598976001, -0.178458347555732), .Names = c("NoiseVariance", 
"ALP", "LNP", "GRN", "PUP", "OTH", "PUPOTH", "GRNOTH")), `Morgan SMS` = structure(c(6.64571537845787, 
0.562234192089121, -0.580417016464256, -0.0939301626937761, -0.54446403011193, 
1.0937736544134, 0.59903037273968, 0.35700302723941), .Names = c("NoiseVariance", 
"ALP", "LNP", "GRN", "PUP", "OTH", "PUPOTH", "GRNOTH")), `Morgan Multi` = structure(c(1.65887990493038, 
0.271076366710767, -1.9119352160499, 1.23528939357025, -1.05490886052436, 
0.933447712732291, 0.356018167620995, 0.620777457498478), .Names = c("NoiseVariance", 
"ALP", "LNP", "GRN", "PUP", "OTH", "PUPOTH", "GRNOTH")), `Essential Online` = structure(c(1.77284168276917, 
0.0891418810458468, -0.169744680577149, -0.10743725116342, 0.447076643809384, 
0.315661248463748, 0.715874690741073, -0.195737151440133), .Names = c("NoiseVariance", 
"ALP", "LNP", "GRN", "PUP", "OTH", "PUPOTH", "GRNOTH")), Ipsos = structure(c(1.02503445621192, 
-0.503123009816915, 0.0273082112305975, 0.322434858603338, 0.00265971800014926, 
-0.252239096747032, 0.888349325766932, -0.188389112234024), .Names = c("NoiseVariance", 
"ALP", "LNP", "GRN", "PUP", "OTH", "PUPOTH", "GRNOTH"))), .Names = c("ALP", 
"LNP", "GRN", "PUP", "OTH", "Covariance", "Newspoll Quarterly", 
"Newspoll", "Nielsen", "Morgan", "Galaxy", "Essential", "ReachTEL", 
"Morgan SMS", "Morgan Multi", "Essential Online", "Ipsos"))
