structure(list(ALP = structure(c(1.26884879830834, 0.0909919561608598, 
0.315557260327148, 0.899170069174705, 0.638476982394747, 0.760649275095366, 
0.357959216160768, 0.114399241155895, 0.109721056355942), .Names = c("AUS", 
"NSW", "VIC", "QLD", "SA", "WA", "TAS", "NT", "ACT")), LNP = structure(c(0.454472240240183, 
0.199537923896778, 0.145797296787529, 0.427832518103643, 0.263549156869522, 
0.605852730020889, 0.30980475140728, 0.0611517184267454, 0.0469102352331257
), .Names = c("AUS", "NSW", "VIC", "QLD", "SA", "WA", "TAS", 
"NT", "ACT")), GRN = structure(c(0.21530603466122, 0.12469747169289, 
0.162782619522637, 0.0561733519207034, 0.0563299170515732, 0.0997098272063997, 
0.242628548988139, 0.0708044461611482, 0.0432166718775979), .Names = c("AUS", 
"NSW", "VIC", "QLD", "SA", "WA", "TAS", "NT", "ACT")), PUP = structure(c(0.440346588202623, 
2.37751711846456e-09, 0.00911432361201064, 0.32681563098391, 
2.29972038276236e-08, 0.054840287321635, 0.0290892088704226, 
0.00652221819978091, 0.0495671059721921), .Names = c("AUS", "NSW", 
"VIC", "QLD", "SA", "WA", "TAS", "NT", "ACT")), OTH = structure(c(0.165430371734845, 
0.0638026273486094, 0.136854500871967, 0.0789234326686103, 0.175850228077391, 
0.0426642211749683, 0.129313121857626, 0.105944217151381, 0.115562109355149
), .Names = c("AUS", "NSW", "VIC", "QLD", "SA", "WA", "TAS", 
"NT", "ACT")), Covariance = structure(list(LNP = structure(list(
    ALP = -0.889764328215597), .Names = "ALP"), GRN = structure(list(
    ALP = -0.166722967233633, LNP = -0.142874521662456), .Names = c("ALP", 
"LNP")), PUP = structure(list(ALP = 0.204433001187255, LNP = 0.114690829743055), .Names = c("ALP", 
"LNP")), OTH = structure(list(ALP = -0.215122335949337, LNP = -0.40911794598167), .Names = c("ALP", 
"LNP"))), .Names = c("LNP", "GRN", "PUP", "OTH")), `Newspoll Quarterly` = structure(c(2.54492524314065, 
-0.995972716760839, -0.71440008140969, 0.588617817252374, 0.382836196760922, 
0.769099807667961, -0.757794750327829, -0.424502556624931), .Names = c("NoiseVariance", 
"ALP", "LNP", "GRN", "PUP", "OTH", "PUPOTH", "GRNOTH")), Newspoll = structure(c(1.46259071538085, 
-1.29392903324147, -0.310047957462327, 0.281586325321787, -0.135596954611521, 
1.03467440017704, 1.03729280191537, 0.0957904277368271), .Names = c("NoiseVariance", 
"ALP", "LNP", "GRN", "PUP", "OTH", "PUPOTH", "GRNOTH")), Nielsen = structure(c(8.05268491592446, 
-1.21501637861684, 0.018694031479656, 1.14857572867186, -1.06656119554228, 
0.338599990287118, -0.0756022835578965, 0.346196134009424), .Names = c("NoiseVariance", 
"ALP", "LNP", "GRN", "PUP", "OTH", "PUPOTH", "GRNOTH")), Morgan = structure(c(2.07056591944401, 
1.7211850790054, -1.608543139729, 0.457977318102257, 0.276421266023445, 
-0.79099221752833, 0.588137164705883, 0.425095518653155), .Names = c("NoiseVariance", 
"ALP", "LNP", "GRN", "PUP", "OTH", "PUPOTH", "GRNOTH")), Galaxy = structure(c(1.89938731759274, 
-1.20595879645983, 1.50228351262866, 1.18333169033933, 0.190774552429108, 
-0.105772922879358, 0.733638209750584, -0.259843621525077), .Names = c("NoiseVariance", 
"ALP", "LNP", "GRN", "PUP", "OTH", "PUPOTH", "GRNOTH")), Essential = structure(c(1.88034060044052, 
1.34796260614619, 0.290907816027048, -0.834768901198438, -1.55117614536242, 
-0.771081139341503, -1.18500814946273, 0.981560307760035), .Names = c("NoiseVariance", 
"ALP", "LNP", "GRN", "PUP", "OTH", "PUPOTH", "GRNOTH")), ReachTEL = structure(c(1.89905101151142, 
2.16825858172397, -1.26820034948643, -0.168419969024129, -0.458395682932244, 
-0.306683631950532, -0.367046599038572, -0.0951943576233445), .Names = c("NoiseVariance", 
"ALP", "LNP", "GRN", "PUP", "OTH", "PUPOTH", "GRNOTH")), `Morgan SMS` = structure(c(3.84490046281402, 
0.258566656788416, -0.466750634156169, 0.0631839602729694, -0.273979728198995, 
0.922692414978301, 0.650784164152249, 0.323480734866786), .Names = c("NoiseVariance", 
"ALP", "LNP", "GRN", "PUP", "OTH", "PUPOTH", "GRNOTH")), `Morgan Multi` = structure(c(1.24134808343548, 
0.527317548794761, -2.13106913309609, 1.30279581275945, -1.12737021264671, 
0.520880719016273, 0.492207401572575, 0.699953108678293), .Names = c("NoiseVariance", 
"ALP", "LNP", "GRN", "PUP", "OTH", "PUPOTH", "GRNOTH")), `Essential Online` = structure(c(1.4321997966393, 
-0.119200157499691, -0.0288873416962191, 0.146067948699002, 0.412443069856156, 
0.134238109273479, 0.949749472706026, -0.00212358796284556), .Names = c("NoiseVariance", 
"ALP", "LNP", "GRN", "PUP", "OTH", "PUPOTH", "GRNOTH"))), .Names = c("ALP", 
"LNP", "GRN", "PUP", "OTH", "Covariance", "Newspoll Quarterly", 
"Newspoll", "Nielsen", "Morgan", "Galaxy", "Essential", "ReachTEL", 
"Morgan SMS", "Morgan Multi", "Essential Online"))
