structure(list(ALP = structure(c(1.06892891470329, 0.131931797430361, 
0.209760708948456, 0.443508508534781, 0.529099929593357, 0.634216909516145, 
0.409287920121034, 0.141523779980498, 0.130632867583195), .Names = c("AUS", 
"NSW", "VIC", "QLD", "SA", "WA", "TAS", "NT", "ACT")), LNP = structure(c(0.753232520568148, 
0.186433797593743, 0.189025273916907, 0.479664234407537, 0.204835357471167, 
0.785057437033276, 0.538387368237338, 0.0686173542741459, 0.0606687923437238
), .Names = c("AUS", "NSW", "VIC", "QLD", "SA", "WA", "TAS", 
"NT", "ACT")), GRN = structure(c(0.187618798698686, 0.166940525506334, 
0.220343988515773, 0.0562837988591225, 0.0368664263891864, 0.137033486204727, 
0.1281157152741, 0.0691757408285467, 0.0571465616547682), .Names = c("AUS", 
"NSW", "VIC", "QLD", "SA", "WA", "TAS", "NT", "ACT")), PUP = structure(c(0.612695835945036, 
3.54114364345752e-09, 0.00539553343147638, 0.204445541230631, 
1.08303672416631e-08, 0.078828699535911, 0.0341572015131578, 
0.00739006224106582, 0.0356422827289794), .Names = c("AUS", "NSW", 
"VIC", "QLD", "SA", "WA", "TAS", "NT", "ACT")), OTH = structure(c(0.335524942245028, 
0.0648571309165861, 0.0799478131185218, 0.0509400174152173, 0.104515474040856, 
0.0255511250754151, 0.146678444092263, 0.0775484481774912, 0.0549783836847869
), .Names = c("AUS", "NSW", "VIC", "QLD", "SA", "WA", "TAS", 
"NT", "ACT")), Covariance = structure(list(LNP = structure(list(
    ALP = -0.510474803092819), .Names = "ALP"), GRN = structure(list(
    ALP = -0.220946655709576, LNP = -0.0575983029603742), .Names = c("ALP", 
"LNP")), PUP = structure(list(ALP = 0.0120911669288313, LNP = 0.291852562872769), .Names = c("ALP", 
"LNP")), OTH = structure(list(ALP = -0.353251470952407, LNP = -0.552275729056087), .Names = c("ALP", 
"LNP"))), .Names = c("LNP", "GRN", "PUP", "OTH")), `Newspoll Quarterly` = structure(c(2.47323293043541, 
-0.530274151430223, -0.452300684554408, 0.605551967655411, 0.438767955420203, 
0.204543267224873, -1.1110856397695, -0.616531661239798), .Names = c("NoiseVariance", 
"ALP", "LNP", "GRN", "PUP", "OTH", "PUPOTH", "GRNOTH")), Newspoll = structure(c(1.27829670230698, 
-0.931690194625737, -0.158957877438449, 0.158615792553871, -0.138534216837249, 
0.591348820392109, 0.876306082603761, 0.167627987422293), .Names = c("NoiseVariance", 
"ALP", "LNP", "GRN", "PUP", "OTH", "PUPOTH", "GRNOTH")), Nielsen = structure(c(9.14124474417631, 
-0.932224898100898, 0.0565104199572511, 1.23266697606065, -0.834918678008956, 
-0.0409019494414745, -0.229308123406528, 0.410097785223137), .Names = c("NoiseVariance", 
"ALP", "LNP", "GRN", "PUP", "OTH", "PUPOTH", "GRNOTH")), Morgan = structure(c(2.27176286382801, 
1.92966259901508, -1.4257427604584, 0.598139446625153, 0.149771011226931, 
-0.238060660107592, 0.329708091084089, 0.137822219742906), .Names = c("NoiseVariance", 
"ALP", "LNP", "GRN", "PUP", "OTH", "PUPOTH", "GRNOTH")), Galaxy = structure(c(1.63421200335556, 
-1.20234532294098, 1.09757638736095, 1.21937999308979, -0.192155989489525, 
0.156344741015888, 1.04409924017885, 0.175155842538199), .Names = c("NoiseVariance", 
"ALP", "LNP", "GRN", "PUP", "OTH", "PUPOTH", "GRNOTH")), Essential = structure(c(1.79905124891186, 
1.33203999428662, -0.159651869233564, -0.471896973706043, -1.67671942338964, 
-0.000988713775162421, -0.765169749244394, 0.859861186927437), .Names = c("NoiseVariance", 
"ALP", "LNP", "GRN", "PUP", "OTH", "PUPOTH", "GRNOTH")), ReachTEL = structure(c(1.27026972872917, 
1.68888654185713, -1.2209067172606, -0.52596266898829, -0.532504831761961, 
0.52080168756387, 0.0582364158067058, -0.0585721714372192), .Names = c("NoiseVariance", 
"ALP", "LNP", "GRN", "PUP", "OTH", "PUPOTH", "GRNOTH")), `Morgan SMS` = structure(c(3.12044274236075, 
0.199316454201731, -0.347874201501214, 0.0257128806399671, -0.0497059272958413, 
0.360653183390199, 0.567704182687584, 0.619579313073955), .Names = c("NoiseVariance", 
"ALP", "LNP", "GRN", "PUP", "OTH", "PUPOTH", "GRNOTH")), `Morgan Multi` = structure(c(1.66651677477701, 
1.01617752395147, -2.25670345525429, 1.32142529319478, -1.00612829851234, 
0.307001896496273, 0.449279172223475, 0.787672986939952), .Names = c("NoiseVariance", 
"ALP", "LNP", "GRN", "PUP", "OTH", "PUPOTH", "GRNOTH")), `Essential Online` = structure(c(1.92726827643456, 
-0.0946555272931226, -0.0131938622878312, 0.149574926825505, 
0.323569257518023, 0.407181168362593, 1.03655444151379, -0.625820007575731
), .Names = c("NoiseVariance", "ALP", "LNP", "GRN", "PUP", "OTH", 
"PUPOTH", "GRNOTH"))), .Names = c("ALP", "LNP", "GRN", "PUP", 
"OTH", "Covariance", "Newspoll Quarterly", "Newspoll", "Nielsen", 
"Morgan", "Galaxy", "Essential", "ReachTEL", "Morgan SMS", "Morgan Multi", 
"Essential Online"))
