structure(list(ALP = structure(c(1.30094442053474, 0.0888576983183994, 
0.267193229171684, 0.713194157260835, 0.563978697336626, 0.720255291150422, 
0.323387557858466, 0.119240818274047, 0.0780076798570837), .Names = c("AUS", 
"NSW", "VIC", "QLD", "SA", "WA", "TAS", "NT", "ACT")), LNP = structure(c(0.493965646459027, 
0.159046850886, 0.179685791182991, 0.332455941063841, 0.245485147327701, 
0.672480707697521, 0.245817046218696, 0.0785577777502896, 0.0440652761781425
), .Names = c("AUS", "NSW", "VIC", "QLD", "SA", "WA", "TAS", 
"NT", "ACT")), GRN = structure(c(0.235290543879624, 0.125927033702137, 
0.163233745341263, 0.079008843161766, 0.0426817156808194, 0.116742927452253, 
0.261456978945317, 0.0629247628164082, 0.0358932949157803), .Names = c("AUS", 
"NSW", "VIC", "QLD", "SA", "WA", "TAS", "NT", "ACT")), PUP = structure(c(0.417266586645542, 
2.30698068753199e-09, 0.00823135536628093, 0.414108692047099, 
2.11345528056339e-08, 0.0660602815753411, 0.0303379613407517, 
0.00720869762683452, 0.0625956050613908), .Names = c("AUS", "NSW", 
"VIC", "QLD", "SA", "WA", "TAS", "NT", "ACT")), OTH = structure(c(0.180791064591435, 
0.0511865106247809, 0.153072611387423, 0.0804028608338486, 0.19415256264845, 
0.061925338965032, 0.149207629453403, 0.10358193792134, 0.114716176124115
), .Names = c("AUS", "NSW", "VIC", "QLD", "SA", "WA", "TAS", 
"NT", "ACT")), Covariance = structure(list(LNP = structure(list(
    ALP = -0.883168806789255), .Names = "ALP"), GRN = structure(list(
    ALP = -0.122767360458066, LNP = -0.0986064239262384), .Names = c("ALP", 
"LNP")), PUP = structure(list(ALP = 0.0644969261447432, LNP = 0.236522766246327), .Names = c("ALP", 
"LNP")), OTH = structure(list(ALP = -0.176583539469749, LNP = -0.427817689654938), .Names = c("ALP", 
"LNP"))), .Names = c("LNP", "GRN", "PUP", "OTH")), `Newspoll Quarterly` = structure(c(2.6708841512378, 
-0.993092233961856, -0.771738959898616, 0.885931550976817, -0.0431890219039396, 
0.668893348377738, -0.511303365275537, -0.272288440286142), .Names = c("NoiseVariance", 
"ALP", "LNP", "GRN", "PUP", "OTH", "PUPOTH", "GRNOTH")), Newspoll = structure(c(1.28455890157413, 
-1.57040268786548, -0.388006034470892, 0.598661665318868, 0.0715631281154929, 
0.930137533441232, 0.763142098009916, 0.0857468372227584), .Names = c("NoiseVariance", 
"ALP", "LNP", "GRN", "PUP", "OTH", "PUPOTH", "GRNOTH")), Nielsen = structure(c(8.096685062321, 
-1.15002173216987, -0.150266303474825, 1.00777993947525, -1.26305442448826, 
-0.0704364470515328, 0.0281938321927223, 0.147170360813215), .Names = c("NoiseVariance", 
"ALP", "LNP", "GRN", "PUP", "OTH", "PUPOTH", "GRNOTH")), Morgan = structure(c(1.79417145853201, 
1.6017764864454, -1.4678992896715, 0.379866510087172, 0.264433416875334, 
-0.945168427210666, 1.01381426654581, 0.315771368926046), .Names = c("NoiseVariance", 
"ALP", "LNP", "GRN", "PUP", "OTH", "PUPOTH", "GRNOTH")), Galaxy = structure(c(2.41147143211223, 
-1.25051778542587, 1.50101910171356, 1.4271124333991, 0.13934046618074, 
-0.0712671233454659, 0.773184259398073, -0.333535442279384), .Names = c("NoiseVariance", 
"ALP", "LNP", "GRN", "PUP", "OTH", "PUPOTH", "GRNOTH")), Essential = structure(c(1.70061142294504, 
1.44412369312833, 0.442820144402877, -0.62902513101938, -1.52777579772593, 
-0.746535604036148, -1.48874288724901, 1.30773129412216), .Names = c("NoiseVariance", 
"ALP", "LNP", "GRN", "PUP", "OTH", "PUPOTH", "GRNOTH")), ReachTEL = structure(c(1.79546977999551, 
1.97533994264418, -0.948315923911313, 0.0270114229145809, -0.182112324315264, 
-0.745311244667404, -0.312546511777082, -0.329956056410732), .Names = c("NoiseVariance", 
"ALP", "LNP", "GRN", "PUP", "OTH", "PUPOTH", "GRNOTH")), `Morgan SMS` = structure(c(6.29563649819343, 
0.583233849660826, -0.611625968279844, -0.131273165109899, -0.632772685621139, 
0.914635208408162, 0.603615001743141, 0.490535128166843), .Names = c("NoiseVariance", 
"ALP", "LNP", "GRN", "PUP", "OTH", "PUPOTH", "GRNOTH")), `Morgan Multi` = structure(c(1.57828229328982, 
0.444550657610229, -1.98971682831463, 1.32838837658073, -0.938811846773447, 
0.605517111050358, 0.396162363458956, 0.577395287912317), .Names = c("NoiseVariance", 
"ALP", "LNP", "GRN", "PUP", "OTH", "PUPOTH", "GRNOTH")), `Essential Online` = structure(c(1.83742304696999, 
0.127711928501924, -0.246257597949325, -0.242795326897958, 0.447506137553104, 
0.169872542130572, 0.938800990238175, -0.283273161297868), .Names = c("NoiseVariance", 
"ALP", "LNP", "GRN", "PUP", "OTH", "PUPOTH", "GRNOTH")), Ipsos = structure(c(1.03803210036984, 
-0.467280984932974, -0.0180189685168143, 0.279937079918235, 0.0845796098327986, 
-0.188066800037456, 0.855063572967389, -0.0954733374775733), .Names = c("NoiseVariance", 
"ALP", "LNP", "GRN", "PUP", "OTH", "PUPOTH", "GRNOTH"))), .Names = c("ALP", 
"LNP", "GRN", "PUP", "OTH", "Covariance", "Newspoll Quarterly", 
"Newspoll", "Nielsen", "Morgan", "Galaxy", "Essential", "ReachTEL", 
"Morgan SMS", "Morgan Multi", "Essential Online", "Ipsos"))
