structure(list(ALP = structure(c(1.31699893420744, 0.0983874711504708, 
0.213152462723776, 0.824226954161446, 0.591280630449467, 0.82580714648615, 
0.485847641603854, 0.113414497991997, 0.102446378795484), .Names = c("AUS", 
"NSW", "VIC", "QLD", "SA", "WA", "TAS", "NT", "ACT")), LNP = structure(c(0.590093574092536, 
0.232291504934803, 0.22365052511988, 0.44480743714891, 0.319138745134027, 
0.859473490055376, 0.405902696318722, 0.0481055357561056, 0.0433612416057086
), .Names = c("AUS", "NSW", "VIC", "QLD", "SA", "WA", "TAS", 
"NT", "ACT")), GRN = structure(c(0.223902670100376, 0.164385878284098, 
0.146902253003949, 0.0648923984871845, 0.0477713847946309, 0.103837958950024, 
0.165153125488185, 0.0648320415929775, 0.0504400980837381), .Names = c("AUS", 
"NSW", "VIC", "QLD", "SA", "WA", "TAS", "NT", "ACT")), PUP = structure(c(0.561438951577128, 
2.96951068219537e-09, 0.00796908533960962, 0.25747150980281, 
1.30506223247299e-08, 0.0572627784285473, 0.0240452092595763, 
0.00657913168150866, 0.0287324112644034), .Names = c("AUS", "NSW", 
"VIC", "QLD", "SA", "WA", "TAS", "NT", "ACT")), OTH = structure(c(0.248405363599909, 
0.060003985759053, 0.0898725274717939, 0.0631064367590374, 0.139850799092354, 
0.0284611099796324, 0.168256168904716, 0.0950656035798682, 0.100612837758896
), .Names = c("AUS", "NSW", "VIC", "QLD", "SA", "WA", "TAS", 
"NT", "ACT")), Covariance = structure(list(LNP = structure(list(
    ALP = -0.588929114086494), .Names = "ALP"), GRN = structure(list(
    ALP = -0.222332296123459, LNP = 0.000824261011191429), .Names = c("ALP", 
"LNP")), PUP = structure(list(ALP = 0.230146707858451, LNP = 0.51902923285248), .Names = c("ALP", 
"LNP")), OTH = structure(list(ALP = -0.452133163696632, LNP = -0.606427302261663), .Names = c("ALP", 
"LNP"))), .Names = c("LNP", "GRN", "PUP", "OTH")), `Newspoll Quarterly` = structure(c(2.82209400893941, 
-0.439154921819792, -0.464860589855962, 0.754260764353551, 0.29488527660434, 
0.674058614784118, -1.2105577441019, -0.594546505255107), .Names = c("NoiseVariance", 
"ALP", "LNP", "GRN", "PUP", "OTH", "PUPOTH", "GRNOTH")), Newspoll = structure(c(1.52366232412079, 
-1.08556398814506, -0.334287879716433, -0.0041373358694031, -0.239949993901071, 
0.888336890925155, 1.06259398554908, 0.220764588530552), .Names = c("NoiseVariance", 
"ALP", "LNP", "GRN", "PUP", "OTH", "PUPOTH", "GRNOTH")), Nielsen = structure(c(8.66480939676744, 
-1.11145794072502, 0.114705011645538, 1.07683323255795, -0.837083315906631, 
0.220330447009825, -0.400720733656678, 0.185931812301826), .Names = c("NoiseVariance", 
"ALP", "LNP", "GRN", "PUP", "OTH", "PUPOTH", "GRNOTH")), Morgan = structure(c(1.80879521876913, 
1.66679621696933, -1.71609799784585, 0.793669673119906, 0.297749681025072, 
-0.585372972770106, 0.650556762862779, 0.150671157868956), .Names = c("NoiseVariance", 
"ALP", "LNP", "GRN", "PUP", "OTH", "PUPOTH", "GRNOTH")), Galaxy = structure(c(2.56596065559418, 
-1.15458190470054, 1.51981363691597, 1.45012482371674, -0.214757118025807, 
0.695351571552109, 0.843201089007282, -0.203192556469195), .Names = c("NoiseVariance", 
"ALP", "LNP", "GRN", "PUP", "OTH", "PUPOTH", "GRNOTH")), Essential = structure(c(1.68867962360283, 
1.63470931730086, -0.104404090543511, -0.381212286954718, -1.67544523678809, 
-0.608730895307456, -1.02133780305973, 0.986986158765563), .Names = c("NoiseVariance", 
"ALP", "LNP", "GRN", "PUP", "OTH", "PUPOTH", "GRNOTH")), ReachTEL = structure(c(1.61028563360184, 
1.93159713915181, -1.40442630669566, -0.298016778789596, -0.622464207511634, 
0.354185797394193, -0.0283599256532477, 0.0254733412027503), .Names = c("NoiseVariance", 
"ALP", "LNP", "GRN", "PUP", "OTH", "PUPOTH", "GRNOTH")), `Morgan SMS` = structure(c(4.6212740347643, 
0.262323810370362, -0.756301824802812, -0.0604525019822244, 0.104996293108439, 
0.946433027080562, 0.602210952170765, 0.363528468143883), .Names = c("NoiseVariance", 
"ALP", "LNP", "GRN", "PUP", "OTH", "PUPOTH", "GRNOTH")), `Morgan Multi` = structure(c(1.4216541154506, 
0.620670034347603, -2.24393161359778, 1.27204516756889, -0.930490428691257, 
0.418470187008597, 0.281881402911943, 0.883866479997925), .Names = c("NoiseVariance", 
"ALP", "LNP", "GRN", "PUP", "OTH", "PUPOTH", "GRNOTH")), `Essential Online` = structure(c(2.06319130551287, 
-0.423568061887493, 0.0391981443752125, -0.0619663853270091, 
0.638322879626299, 0.23389340019534, 0.951145249597075, -0.0479850141890226
), .Names = c("NoiseVariance", "ALP", "LNP", "GRN", "PUP", "OTH", 
"PUPOTH", "GRNOTH"))), .Names = c("ALP", "LNP", "GRN", "PUP", 
"OTH", "Covariance", "Newspoll Quarterly", "Newspoll", "Nielsen", 
"Morgan", "Galaxy", "Essential", "ReachTEL", "Morgan SMS", "Morgan Multi", 
"Essential Online"))
