estimatedALPMode <- structure(list(ALP = structure(c(0.834366567681863, 0.159045111837777, 0.282799909316484, 0.502121217739843, 0.651591644099512, 0.658774553357511, 0.523013744929021, 0.224455350387508, 0.180216933913998), .Names = c("AUS", "NSW", "VIC", "QLD", "SA", "WA", "TAS", "NT", "ACT")), `Newspoll Quarterly` = structure(c(3.30003195335379, -0.740062208246199), .Names = c("NoiseVariance", "ALP")), Newspoll = structure(c(2.48149900340821, -1.05171476130177), .Names = c("NoiseVariance", "ALP")), Nielsen = structure(c(10.2292612851154, -1.06775859185968), .Names = c("NoiseVariance", "ALP")), Morgan = structure(c(3.67916301760114, 1.91419774236621), .Names = c("NoiseVariance", "ALP")), Galaxy = structure(c(3.0560599498411, -1.2752191304876), .Names = c("NoiseVariance", "ALP")), Essential = structure(c(1.22417342880066, 1.7140937328922), .Names = c("NoiseVariance", "ALP")), ReachTEL = structure(c(1.6896853125319, 2.12167127042991), .Names = c("NoiseVariance", "ALP")), `Morgan SMS` = structure(c(2.24993784082639, 0.114683726522292), .Names = c("NoiseVariance", "ALP")), `Morgan Multi` = structure(c(2.43694832094828, 0.4905783384877), .Names = c("NoiseVariance", "ALP")), `Essential Online` = structure(c(1.90592356200153, -0.00501205383938406), .Names = c("NoiseVariance", "ALP"))), .Names = c("ALP", "Newspoll Quarterly", "Newspoll", "Nielsen", "Morgan", "Galaxy", "Essential", "ReachTEL", "Morgan SMS", "Morgan Multi", "Essential Online" ))
