structure(list(ALP = structure(c(0.979349013577807, 0.134291572674904, 
0.191483288953429, 0.378431950330662, 0.423110054214378, 0.571231758338087, 
0.487329933187731, 0.13901796477808, 0.146391734765497), .Names = c("AUS", 
"NSW", "VIC", "QLD", "SA", "WA", "TAS", "NT", "ACT")), LNP = structure(c(0.973385387179846, 
0.179652935405802, 0.180948507582459, 0.428508738181211, 0.189834174980078, 
0.726307909944283, 0.426904893929553, 0.0555059870313534, 0.0636893709228851
), .Names = c("AUS", "NSW", "VIC", "QLD", "SA", "WA", "TAS", 
"NT", "ACT")), GRN = structure(c(0.171314203359893, 0.203807106286674, 
0.227597544789079, 0.0565092402064482, 0.0397900631192204, 0.168586916350427, 
0.135469945542986, 0.0685211115705055, 0.0713476256714728), .Names = c("AUS", 
"NSW", "VIC", "QLD", "SA", "WA", "TAS", "NT", "ACT")), PUP = structure(c(0.677618089849659, 
2.84865668098564e-09, 0.00524627091589068, 0.191020388394723, 
1.10223197005937e-08, 0.0671134058135831, 0.0252322025075497, 
0.00677955265534324, 0.036236037733553), .Names = c("AUS", "NSW", 
"VIC", "QLD", "SA", "WA", "TAS", "NT", "ACT")), OTH = structure(c(0.338315773767843, 
0.0802631548356403, 0.0853223746041459, 0.0383700534240117, 0.0716855479626554, 
0.0263270836091357, 0.12166199312502, 0.0635793098000213, 0.0506126651682432
), .Names = c("AUS", "NSW", "VIC", "QLD", "SA", "WA", "TAS", 
"NT", "ACT")), Covariance = structure(list(LNP = structure(list(
    ALP = -0.574842402335578), .Names = "ALP"), GRN = structure(list(
    ALP = -0.118044164999389, LNP = -0.19988037167355), .Names = c("ALP", 
"LNP")), PUP = structure(list(ALP = -0.0804748997270638, LNP = 0.0274240598036164), .Names = c("ALP", 
"LNP")), OTH = structure(list(ALP = -0.416076299832295, LNP = -0.607275113372287), .Names = c("ALP", 
"LNP"))), .Names = c("LNP", "GRN", "PUP", "OTH")), `Newspoll Quarterly` = structure(c(2.65994398625504, 
-0.492674110270853, -0.496871217480339, 0.620165429405328, 0.291883395842173, 
0.273356491757358, -1.07182702701319, -0.309065520353294), .Names = c("NoiseVariance", 
"ALP", "LNP", "GRN", "PUP", "OTH", "PUPOTH", "GRNOTH")), Newspoll = structure(c(1.36713666250357, 
-0.961269747050447, -0.189254810802925, 0.414825539565644, 0.0143906853627842, 
0.562063774653256, 0.785954936631231, -0.00433063867974476), .Names = c("NoiseVariance", 
"ALP", "LNP", "GRN", "PUP", "OTH", "PUPOTH", "GRNOTH")), Nielsen = structure(c(7.15612829825248, 
-1.11676399732582, 0.0982631775337004, 1.30360199237836, -0.73627268916229, 
-0.0898314833533804, -0.21048985618348, 0.489026939731918), .Names = c("NoiseVariance", 
"ALP", "LNP", "GRN", "PUP", "OTH", "PUPOTH", "GRNOTH")), Morgan = structure(c(2.29918703854163, 
2.09022198877013, -1.35938705577154, 0.28617320592783, 0.222185899429549, 
-0.0800342585375929, 0.353429723684822, -0.100867632594212), .Names = c("NoiseVariance", 
"ALP", "LNP", "GRN", "PUP", "OTH", "PUPOTH", "GRNOTH")), Galaxy = structure(c(1.6386476861601, 
-1.30111788577454, 1.18494160252257, 1.42202904679958, -0.199134647453391, 
0.284024985559643, 1.00700754246217, 0.24833086827597), .Names = c("NoiseVariance", 
"ALP", "LNP", "GRN", "PUP", "OTH", "PUPOTH", "GRNOTH")), Essential = structure(c(1.85037775783521, 
1.32328073966685, -0.178362272300534, -0.582507769939513, -1.51353087569716, 
0.199687372871295, -0.873700449257778, 0.976739205188714), .Names = c("NoiseVariance", 
"ALP", "LNP", "GRN", "PUP", "OTH", "PUPOTH", "GRNOTH")), ReachTEL = structure(c(1.3694517202658, 
2.11286372450785, -1.34216143869508, -0.470492743333498, -0.328035577193634, 
0.73913309007061, -0.197307362433392, 0.0728344602437622), .Names = c("NoiseVariance", 
"ALP", "LNP", "GRN", "PUP", "OTH", "PUPOTH", "GRNOTH")), `Morgan SMS` = structure(c(2.83369688140689, 
0.169314193422564, -0.0537492221537899, -0.0447594448552031, 
0.382875170210724, 0.443426733747527, 0.552202779095717, 0.563828975836371
), .Names = c("NoiseVariance", "ALP", "LNP", "GRN", "PUP", "OTH", 
"PUPOTH", "GRNOTH")), `Morgan Multi` = structure(c(1.8115783607074, 
0.95069219970353, -2.19109262394215, 1.36128503608332, -0.82545829267599, 
0.40496911822944, 0.614813062226021, 0.73530945687485), .Names = c("NoiseVariance", 
"ALP", "LNP", "GRN", "PUP", "OTH", "PUPOTH", "GRNOTH")), `Essential Online` = structure(c(1.5819435745211, 
0.0587969875301405, -0.122481399455238, 0.0564347961385056, 0.355274067995595, 
0.148060101240459, 1.00475654436691, -0.335737386723223), .Names = c("NoiseVariance", 
"ALP", "LNP", "GRN", "PUP", "OTH", "PUPOTH", "GRNOTH"))), .Names = c("ALP", 
"LNP", "GRN", "PUP", "OTH", "Covariance", "Newspoll Quarterly", 
"Newspoll", "Nielsen", "Morgan", "Galaxy", "Essential", "ReachTEL", 
"Morgan SMS", "Morgan Multi", "Essential Online"))
