structure(list(ALP = structure(c(1.4282156292244, 0.135519189630974, 
0.301702114416627, 0.454246669098545, 0.210215377514903, 0.54253377816517, 
0.34292805140992, 0.155969339621547, 0.116505960184353), .Names = c("AUS", 
"NSW", "VIC", "QLD", "SA", "WA", "TAS", "NT", "ACT")), LNP = structure(c(0.629909024306291, 
0.173764380533041, 0.160826494827785, 0.194859848644067, 0.256619678002116, 
0.413568326628945, 0.286724998916862, 0.0722285917427686, 0.0476888045528561
), .Names = c("AUS", "NSW", "VIC", "QLD", "SA", "WA", "TAS", 
"NT", "ACT")), GRN = structure(c(0.181902975609346, 0.134638893298489, 
0.119805503859398, 0.0707545563521463, 0.0412558196901693, 0.137704459137465, 
0.215664983744746, 0.0648269934924434, 0.0953314470226162), .Names = c("AUS", 
"NSW", "VIC", "QLD", "SA", "WA", "TAS", "NT", "ACT")), PUP = structure(c(0.304118449430697, 
2.2258439372976e-09, 0.00843691312770694, 1.01871331695848, 1.73374165463247e-08, 
0.0520676353772711, 0.0531944355786432, 0.00786232999801493, 
0.0552163532322619), .Names = c("AUS", "NSW", "VIC", "QLD", "SA", 
"WA", "TAS", "NT", "ACT")), OTH = structure(c(0.163306172142052, 
0.056845268670521, 0.233867270633464, 0.125065290759854, 0.340752858050566, 
0.112672885451699, 0.261532490210149, 0.192662902078087, 0.234691861112206
), .Names = c("AUS", "NSW", "VIC", "QLD", "SA", "WA", "TAS", 
"NT", "ACT")), Covariance = structure(list(LNP = structure(list(
    ALP = -1.02242338814922), .Names = "ALP"), GRN = structure(list(
    ALP = -0.183194148622005, LNP = -0.147040462931369), .Names = c("ALP", 
"LNP")), PUP = structure(list(ALP = -0.0664901351858169, LNP = -0.16487985909632), .Names = c("ALP", 
"LNP")), OTH = structure(list(ALP = -0.131819580965521, LNP = -0.419958565247848), .Names = c("ALP", 
"LNP"))), .Names = c("LNP", "GRN", "PUP", "OTH")), `Newspoll Quarterly` = structure(c(0.382857481471497, 
-0.784133585098671, -0.771541078988928, 0.697008923312508, -0.116967587437052, 
0.747809312829321, 0.0519780255081092, 0.94740174778301), .Names = c("NoiseVariance", 
"ALP", "LNP", "GRN", "PUP", "OTH", "PUPOTH", "GRNOTH")), Newspoll = structure(c(1.15112446686571, 
-1.10232775692287, -0.317873798507079, 0.46895220154333, 0.037708103541897, 
0.725693682915013, 0.233508315006359, 0.203751728917418), .Names = c("NoiseVariance", 
"ALP", "LNP", "GRN", "PUP", "OTH", "PUPOTH", "GRNOTH")), Nielsen = structure(c(1.70338925568681, 
-1.09040225204852, -0.137051587626704, 1.15167417592654, -0.879719985587896, 
-0.196817577296432, -0.420138243575281, 0.096048428644942), .Names = c("NoiseVariance", 
"ALP", "LNP", "GRN", "PUP", "OTH", "PUPOTH", "GRNOTH")), Morgan = structure(c(1.84994354804648, 
1.87768608946532, -1.39839098455776, 0.345255751388334, 0.164759855919794, 
-1.11542193527268, 1.01706238776154, 0.262691992953677), .Names = c("NoiseVariance", 
"ALP", "LNP", "GRN", "PUP", "OTH", "PUPOTH", "GRNOTH")), Galaxy = structure(c(1.97321536967956, 
-1.19534307887386, 1.18227812094719, 1.56158101201641, -0.10914622390001, 
-2.14451006488836, 0.359372938314541, -0.225112271878865), .Names = c("NoiseVariance", 
"ALP", "LNP", "GRN", "PUP", "OTH", "PUPOTH", "GRNOTH")), Essential = structure(c(1.51082178784617, 
1.59539422107784, 0.220834876536129, -1.02325512304751, -0.894945801526217, 
-0.679751035662585, -1.44111241969573, 1.18576278444444), .Names = c("NoiseVariance", 
"ALP", "LNP", "GRN", "PUP", "OTH", "PUPOTH", "GRNOTH")), ReachTEL = structure(c(0.864363997331892, 
1.66832152242111, -0.0486588357026708, 0.0320537465100201, 0.0018299628035141, 
-1.6605574743475, -0.340761258632109, -0.142175192513795), .Names = c("NoiseVariance", 
"ALP", "LNP", "GRN", "PUP", "OTH", "PUPOTH", "GRNOTH")), `Morgan SMS` = structure(c(1.91977002188684, 
0.344824328003811, -0.561647365174132, -0.0927350962332012, -0.482942000791364, 
1.07009752534101, 0.575249617847327, 0.334957241166672), .Names = c("NoiseVariance", 
"ALP", "LNP", "GRN", "PUP", "OTH", "PUPOTH", "GRNOTH")), `Morgan Multi` = structure(c(1.25919130946618, 
0.26285919936081, -1.6248330729694, 0.764500257670891, -0.766463153959933, 
0.924166396067163, 0.498257604805572, 0.558031044674898), .Names = c("NoiseVariance", 
"ALP", "LNP", "GRN", "PUP", "OTH", "PUPOTH", "GRNOTH")), `Essential Online` = structure(c(1.9205629618992, 
0.0884556382169122, -0.157426942063358, -0.0963770131805879, 
0.4244600492582, 0.226414062858066, 0.678686797369357, -0.192508568656133
), .Names = c("NoiseVariance", "ALP", "LNP", "GRN", "PUP", "OTH", 
"PUPOTH", "GRNOTH")), Ipsos = structure(c(0.890078186158373, 
-0.551327203782818, 0.430258339513043, 0.510852053979365, -0.28174205763825, 
-0.748551521381814, -0.112067445201201, -0.186657530561592), .Names = c("NoiseVariance", 
"ALP", "LNP", "GRN", "PUP", "OTH", "PUPOTH", "GRNOTH"))), .Names = c("ALP", 
"LNP", "GRN", "PUP", "OTH", "Covariance", "Newspoll Quarterly", 
"Newspoll", "Nielsen", "Morgan", "Galaxy", "Essential", "ReachTEL", 
"Morgan SMS", "Morgan Multi", "Essential Online", "Ipsos"))
